TIME 50
9989
52104
13361
52104
13462
52104
8689
52104
10653
52104
TIME 100
15987
52104
16742
52104
14391
52104
13325
52104
10825
52104
TIME 150
16518
52104
15974
52104
12975
52104
16301
52104
15763
52104
TIME 200
16897
52104
16853
52104
15603
52104
16616
52104
17513
52104
TIME 250
19493
52104
18683
52104
20624
52104
20341
52104
21802
52104
TIME 300
23193
52104
22086
52104
16489
52104
19879
52104
20676
52104
TIME 350
20983
52104
22122
52104
15552
52104
11125
52104
9037
52104
TIME 400
12120
52104
7889
52104
7056
52104
11989
52104
6052
52104
TIME 450
9411
52104
8427
52104
11070
52104
8275
52104
8545
52104
TIME 500
8430
52104
12886
52104
18465
52104
24322
52104
22140
52104
TIME 550
24768
52104
17315
52104
17053
52104
18502
52104
19485
52104
TIME 600
17403
52104
15575
52104
19680
52104
17599
52104
19288
52104
