TIME 50
2080
23374
2145
23374
1901
23374
2184
23374
1117
23374
1969
23374
1463
23374
2352
23374
2596
23374
2350
23374
TIME 100
2721
23374
2742
23374
2582
23374
2801
23374
2650
23374
2456
23374
2549
23374
2664
23374
2723
23374
2071
23374
TIME 150
2911
23374
3229
23374
1487
23374
2957
23374
3082
23374
3201
23374
3383
23374
1733
23374
3188
23374
2322
23374
TIME 200
3473
23374
2796
23374
3103
23374
2718
23374
2911
23374
3500
23374
3248
23374
2013
23374
2851
23374
3591
23374
TIME 250
3831
23374
2773
23374
3469
23374
3575
23374
3118
23374
3295
23374
3822
23374
3243
23374
2834
23374
3651
23374
TIME 300
3255
23374
4369
23374
3368
23374
3328
23374
4072
23374
4020
23374
3554
23374
3808
23374
3396
23374
3172
23374
TIME 350
4003
23374
4064
23374
2516
23374
3573
23374
3714
23374
3717
23374
3907
23374
4182
23374
4411
23374
2809
23374
TIME 400
3353
23374
4043
23374
4357
23374
4124
23374
3017
23374
4025
23374
4140
23374
4580
23374
2859
23374
4156
23374
TIME 450
4024
23374
4171
23374
4066
23374
4181
23374
4278
23374
4338
23374
4474
23374
4422
23374
4676
23374
4427
23374
TIME 500
4360
23374
3671
23374
4186
23374
4387
23374
2108
23374
4109
23374
2873
23374
3978
23374
4130
23374
2583
23374
TIME 550
4168
23374
4210
23374
3748
23374
4622
23374
3414
23374
4211
23374
3443
23374
3710
23374
4267
23374
4494
23374
TIME 600
4415
23374
4333
23374
4263
23374
3911
23374
4385
23374
4653
23374
4560
23374
4581
23374
4297
23374
2792
23374
