TIME 50
2346
23374
3325
23374
3260
23374
2107
23374
2380
23374
TIME 100
4032
23374
4296
23374
3417
23374
3243
23374
2436
23374
TIME 150
4138
23374
4043
23374
3057
23374
3985
23374
3791
23374
TIME 200
4123
23374
4250
23374
3796
23374
4120
23374
4447
23374
TIME 250
5059
23374
4821
23374
5380
23374
5353
23374
5819
23374
TIME 300
6284
23374
5941
23374
4190
23374
5177
23374
5472
23374
TIME 350
5650
23374
5838
23374
4052
23374
2666
23374
1988
23374
TIME 400
2950
23374
1750
23374
1388
23374
2993
23374
1120
23374
TIME 450
2301
23374
1900
23374
2522
23374
1746
23374
1782
23374
TIME 500
1858
23374
3122
23374
4782
23374
6866
23374
5952
23374
TIME 550
6855
23374
4175
23374
4273
23374
4680
23374
5101
23374
TIME 600
4410
23374
3807
23374
5146
23374
4439
23374
4936
23374
