TIME 50
4033
52104
4586
52104
3229
52104
2574
52104
3686
52104
TIME 100
7920
52104
6804
52104
5298
52104
4723
52104
5103
52104
TIME 150
8135
52104
8963
52104
7538
52104
7848
52104
11354
52104
TIME 200
6004
52104
9086
52104
6698
52104
6644
52104
7762
52104
TIME 250
11045
52104
8547
52104
10085
52104
7804
52104
8762
52104
TIME 300
10434
52104
10680
52104
12012
52104
10711
52104
12853
52104
TIME 350
11352
52104
11499
52104
10049
52104
11351
52104
8760
52104
TIME 400
11116
52104
9949
52104
10862
52104
15519
52104
14887
52104
TIME 450
24669
52104
26657
52104
25163
52104
10758
52104
8112
52104
TIME 500
11612
52104
8168
52104
10700
52104
9272
52104
10357
52104
TIME 550
11854
52104
11009
52104
9715
52104
7003
52104
10073
52104
TIME 600
10991
52104
9899
52104
7623
52104
8128
52104
12445
52104
