TIME 50
1410
23374
2198
23374
2170
23374
1166
23374
2121
23374
TIME 100
3840
23374
2937
23374
2574
23374
3761
23374
3366
23374
TIME 150
3868
23374
4094
23374
2706
23374
3717
23374
5004
23374
TIME 200
6154
23374
2927
23374
5563
23374
5218
23374
4437
23374
TIME 250
5153
23374
5083
23374
5350
23374
4286
23374
1338
23374
TIME 300
1200
23374
1746
23374
1206
23374
2155
23374
1781
23374
TIME 350
2102
23374
1706
23374
1886
23374
1876
23374
2460
23374
TIME 400
2691
23374
1836
23374
2006
23374
2277
23374
2623
23374
TIME 450
1920
23374
2517
23374
2028
23374
2401
23374
2143
23374
TIME 500
2258
23374
1767
23374
2698
23374
2769
23374
2616
23374
TIME 550
2963
23374
1851
23374
2231
23374
1180
23374
2287
23374
TIME 600
2181
23374
2604
23374
1762
23374
2111
23374
3105
23374
