TIME 50
10406
52104
9805
52104
3651
52104
9357
52104
9780
52104
TIME 100
14109
52104
10189
52104
12205
52104
13597
52104
12105
52104
TIME 150
11838
52104
12464
52104
11119
52104
14441
52104
14629
52104
TIME 200
12854
52104
13991
52104
13245
52104
15016
52104
15090
52104
TIME 250
16093
52104
15435
52104
15922
52104
17046
52104
16312
52104
TIME 300
18068
52104
14267
52104
16464
52104
17341
52104
15482
52104
TIME 350
15011
52104
14226
52104
15088
52104
10988
52104
15723
52104
TIME 400
12927
52104
15950
52104
16332
52104
16535
52104
17046
52104
TIME 450
19993
52104
15264
52104
16552
52104
11568
52104
7573
52104
TIME 500
8338
52104
6406
52104
8360
52104
9999
52104
8117
52104
TIME 550
6383
52104
7812
52104
8832
52104
6546
52104
7364
52104
TIME 600
11213
52104
16408
52104
17643
52104
19603
52104
19856
52104
