TIME 50
7170
52104
3262
52104
5256
52104
7519
52104
7252
52104
TIME 100
9405
52104
9911
52104
8661
52104
8130
52104
5986
52104
TIME 150
9627
52104
9945
52104
10457
52104
8982
52104
8628
52104
TIME 200
7108
52104
9159
52104
9861
52104
9748
52104
10955
52104
TIME 250
10378
52104
11734
52104
9847
52104
10746
52104
10329
52104
TIME 300
10405
52104
12350
52104
11868
52104
12299
52104
7527
52104
TIME 350
9859
52104
10560
52104
11818
52104
9185
52104
9393
52104
TIME 400
9392
52104
10027
52104
9062
52104
7919
52104
8027
52104
TIME 450
10133
52104
9810
52104
12472
52104
11994
52104
9844
52104
TIME 500
12509
52104
11451
52104
8393
52104
6437
52104
4873
52104
TIME 550
5132
52104
5990
52104
3242
52104
5914
52104
5763
52104
TIME 600
4787
52104
6302
52104
6125
52104
4676
52104
4025
52104
