TIME 50
2381
23374
2131
23374
532
23374
2258
23374
2411
23374
TIME 100
3374
23374
2364
23374
2962
23374
3340
23374
3039
23374
TIME 150
2840
23374
3205
23374
2760
23374
3664
23374
3642
23374
TIME 200
3210
23374
3292
23374
3302
23374
3908
23374
3799
23374
TIME 250
4142
23374
3925
23374
4164
23374
4495
23374
4146
23374
TIME 300
4803
23374
3334
23374
4057
23374
4485
23374
3997
23374
TIME 350
3889
23374
3373
23374
3704
23374
2728
23374
4093
23374
TIME 400
3195
23374
4286
23374
4137
23374
4296
23374
4283
23374
TIME 450
5400
23374
3695
23374
4301
23374
2749
23374
1737
23374
TIME 500
1917
23374
1291
23374
1918
23374
2238
23374
1838
23374
TIME 550
1455
23374
1657
23374
2085
23374
1399
23374
1794
23374
TIME 600
2741
23374
4201
23374
4538
23374
5186
23374
5365
23374
