TIME 50
679
8104
835
8104
1091
8104
1096
8104
962
8104
TIME 100
1201
8104
1004
8104
1075
8104
785
8104
661
8104
TIME 150
1155
8104
962
8104
1393
8104
1383
8104
983
8104
TIME 200
1174
8104
1255
8104
1114
8104
989
8104
1207
8104
TIME 250
1405
8104
1494
8104
1265
8104
1151
8104
1278
8104
TIME 300
1136
8104
1439
8104
1171
8104
1663
8104
1480
8104
TIME 350
1647
8104
1124
8104
1838
8104
1519
8104
1708
8104
TIME 400
1780
8104
900
8104
1048
8104
1666
8104
1542
8104
TIME 450
1802
8104
1694
8104
1775
8104
1365
8104
1834
8104
TIME 500
1876
8104
1443
8104
1749
8104
1663
8104
1513
8104
TIME 550
1476
8104
1556
8104
1873
8104
1934
8104
1138
8104
TIME 600
1473
8104
1522
8104
1858
8104
1989
8104
3367
8104
