TIME 50
1796
11849
2154
11849
2588
11849
2616
11849
2340
11849
TIME 100
2843
11849
2540
11849
2690
11849
2009
11849
1671
11849
TIME 150
2743
11849
2390
11849
3178
11849
3126
11849
2490
11849
TIME 200
2933
11849
2893
11849
2696
11849
2445
11849
2767
11849
TIME 250
3199
11849
3446
11849
2952
11849
2720
11849
2956
11849
TIME 300
2756
11849
3272
11849
2683
11849
3743
11849
3392
11849
TIME 350
3700
11849
2816
11849
4058
11849
3342
11849
3762
11849
TIME 400
3857
11849
2310
11849
2576
11849
3863
11849
3516
11849
TIME 450
3997
11849
3688
11849
3774
11849
3267
11849
4050
11849
TIME 500
4184
11849
3420
11849
3915
11849
3644
11849
3494
11849
TIME 550
3400
11849
3545
11849
4140
11849
4158
11849
2690
11849
TIME 600
3418
11849
3641
11849
4081
11849
4336
11849
6750
11849
