TIME 50
2629
11849
2298
11849
2198
11849
1999
11849
1805
11849
TIME 100
2453
11849
2760
11849
2796
11849
2334
11849
2883
11849
TIME 150
3408
11849
3345
11849
3205
11849
3077
11849
3250
11849
TIME 200
3000
11849
3007
11849
3118
11849
3280
11849
3446
11849
TIME 250
3234
11849
3424
11849
2581
11849
3104
11849
6270
11849
TIME 300
5678
11849
5348
11849
6174
11849
3818
11849
4668
11849
TIME 350
5431
11849
5286
11849
5179
11849
4944
11849
5167
11849
TIME 400
5780
11849
4291
11849
4519
11849
5371
11849
5235
11849
TIME 450
4102
11849
4490
11849
4611
11849
4954
11849
5795
11849
TIME 500
5875
11849
6377
11849
7034
11849
7137
11849
6251
11849
TIME 550
6423
11849
6656
11849
6892
11849
6220
11849
6388
11849
