TIME 50
1823
8104
1828
8104
1558
8104
2311
8104
1105
8104
TIME 100
2153
8104
2436
8104
1684
8104
2611
8104
1746
8104
TIME 150
1534
8104
2561
8104
1627
8104
2280
8104
2189
8104
TIME 200
2248
8104
1237
8104
2336
8104
1566
8104
1812
8104
TIME 250
2008
8104
2817
8104
2185
8104
2269
8104
946
8104
TIME 300
2153
8104
2349
8104
2921
8104
2125
8104
2227
8104
TIME 350
2643
8104
2878
8104
2131
8104
2245
8104
2679
8104
TIME 400
2613
8104
2536
8104
2228
8104
3573
8104
2024
8104
TIME 450
3349
8104
2799
8104
2685
8104
2482
8104
2183
8104
TIME 500
3623
8104
35
8104
2337
8104
3637
8104
3156
8104
TIME 550
3036
8104
3214
8104
3695
8104
3323
8104
3005
8104
