TIME 50
3491
11849
968
11849
3411
11849
2106
11849
2062
11849
TIME 100
4452
11849
5168
11849
3504
11849
3584
11849
4735
11849
TIME 150
3533
11849
3207
11849
2816
11849
5123
11849
4667
11849
TIME 200
4707
11849
4355
11849
3707
11849
4431
11849
4234
11849
TIME 250
4561
11849
3089
11849
3460
11849
5055
11849
4202
11849
TIME 300
3793
11849
6690
11849
4986
11849
5112
11849
6398
11849
TIME 350
5372
11849
5239
11849
5348
11849
6418
11849
5965
11849
TIME 400
5433
11849
3918
11849
5911
11849
5744
11849
5997
11849
TIME 450
4107
11849
4863
11849
7215
11849
6266
11849
6630
11849
TIME 500
5649
11849
6789
11849
6905
11849
6537
11849
7145
11849
TIME 550
7012
11849
7699
11849
7443
11849
6895
11849
6066
11849
