TIME 50
1054
8104
888
8104
905
8104
784
8104
709
8104
TIME 100
1017
8104
1149
8104
1222
8104
944
8104
1179
8104
TIME 150
1451
8104
1501
8104
1327
8104
1325
8104
1441
8104
TIME 200
1229
8104
1302
8104
1307
8104
1393
8104
1498
8104
TIME 250
1366
8104
1509
8104
1032
8104
1304
8104
3050
8104
TIME 300
2717
8104
2468
8104
3001
8104
1752
8104
2156
8104
TIME 350
2529
8104
2428
8104
2431
8104
2254
8104
2422
8104
TIME 400
2749
8104
1973
8104
2012
8104
2551
8104
2387
8104
TIME 450
1817
8104
2090
8104
2075
8104
2286
8104
2669
8104
TIME 500
2795
8104
3088
8104
3515
8104
3510
8104
2995
8104
TIME 550
3073
8104
3235
8104
3379
8104
2975
8104
3054
8104
