TIME 50
4057
11849
4035
11849
3548
11849
4847
11849
2644
11849
TIME 100
4689
11849
5237
11849
3797
11849
5464
11849
3875
11849
TIME 150
3482
11849
5501
11849
3579
11849
5011
11849
4784
11849
TIME 200
4749
11849
2907
11849
5089
11849
3513
11849
4027
11849
TIME 250
4409
11849
5906
11849
4659
11849
4867
11849
2386
11849
TIME 300
4668
11849
5029
11849
6004
11849
4662
11849
4836
11849
TIME 350
5552
11849
6016
11849
4494
11849
4884
11849
5629
11849
TIME 400
5547
11849
5412
11849
4810
11849
7202
11849
4383
11849
TIME 450
6680
11849
6008
11849
5677
11849
5183
11849
4739
11849
TIME 500
7156
11849
246
11849
4986
11849
7224
11849
6447
11849
TIME 550
6369
11849
6596
11849
7340
11849
6878
11849
6278
11849
