TIME 50
1530
8104
330
8104
1467
8104
847
8104
819
8104
TIME 100
2042
8104
2414
8104
1572
8104
1611
8104
2138
8104
TIME 150
1503
8104
1400
8104
1197
8104
2341
8104
2196
8104
TIME 200
2186
8104
1992
8104
1652
8104
2025
8104
1891
8104
TIME 250
2126
8104
1296
8104
1454
8104
2366
8104
1921
8104
TIME 300
1688
8104
3237
8104
2333
8104
2438
8104
3111
8104
TIME 350
2452
8104
2474
8104
2579
8104
3053
8104
2881
8104
TIME 400
2601
8104
1741
8104
2864
8104
2796
8104
2838
8104
TIME 450
1869
8104
2271
8104
3618
8104
3087
8104
3240
8104
TIME 500
2736
8104
3286
8104
3406
8104
3118
8104
3544
8104
TIME 550
3494
8104
4013
8104
3805
8104
3342
8104
2905
8104
