TIME 50
6354
42688
6760
42688
6353
42688
5735
42688
5976
42688
TIME 100
5211
42688
4767
42688
4291
42688
6352
42688
7199
42688
TIME 150
7793
42688
5646
42688
6026
42688
7915
42688
6940
42688
TIME 200
8623
42688
5667
42688
4902
42688
7217
42688
5432
42688
TIME 250
6192
42688
8511
42688
9127
42688
10894
42688
6312
42688
TIME 300
7133
42688
8612
42688
6736
42688
9647
42688
6502
42688
TIME 350
5662
42688
8656
42688
6861
42688
6247
42688
9322
42688
TIME 400
6021
42688
9521
42688
7547
42688
10496
42688
12722
42688
TIME 450
10514
42688
11085
42688
9600
42688
8625
42688
11815
42688
TIME 500
10219
42688
12910
42688
14147
42688
14427
42688
14712
42688
TIME 550
6566
42688
6648
42688
6172
42688
8598
42688
6752
42688
TIME 600
8576
42688
7844
42688
6173
42688
8873
42688
6077
42688
