TIME 50
1220
19155
908
19153
1231
19155
184
19159
998
19159
TIME 100
1144
19158
2009
19154
1597
19158
1775
19159
1243
19155
TIME 150
2554
19155
1865
19158
1233
19158
2268
19154
1284
19158
TIME 200
1388
19158
2168
19158
2570
19154
2337
19155
1703
19155
TIME 250
2307
19153
2082
19155
1890
19154
2005
19155
2113
19153
TIME 300
1367
19154
2050
19153
3976
19153
2823
19154
3406
19158
TIME 350
3800
19155
2970
19154
2824
19153
1326
19158
2919
19158
TIME 400
3013
19154
4172
19153
3872
19154
4146
19153
4745
19153
TIME 450
2121
19157
2573
19154
1458
19159
2030
19158
2537
19158
TIME 500
2073
19154
1995
19158
2200
19158
325
19159
1365
19158
TIME 550
1592
19153
1914
19155
1230
19153
1416
19159
962
19155
TIME 600
1573
19154
1729
19159
1692
19154
4734
19154
3919
19153
