TIME 50
1489
19158
1659
19154
1475
19155
1207
19159
1504
19159
TIME 100
1206
19154
1241
19159
965
19159
1495
19158
1878
19155
TIME 150
2030
19153
1335
19157
1325
19155
1974
19159
1682
19155
TIME 200
2288
19158
1255
19155
1016
19155
1817
19155
1470
19158
TIME 250
1386
19158
1963
19153
2446
19159
3077
19154
1361
19155
TIME 300
1673
19158
2284
19154
1615
19153
2537
19153
1403
19154
TIME 350
1261
19154
2056
19155
1554
19153
1390
19154
2569
19159
TIME 400
1419
19159
2448
19154
1884
19157
2683
19153
3354
19154
TIME 450
2880
19159
2839
19154
2438
19154
2036
19153
3193
19154
TIME 500
2802
19155
3591
19154
4043
19153
3928
19153
3814
19153
TIME 550
1550
19158
1507
19154
1668
19155
2030
19153
1610
19154
TIME 600
2236
19155
1959
19158
1426
19159
2283
19154
1409
19155
