TIME 50
511
19159
695
19159
466
19155
217
19159
509
19159
TIME 100
504
19153
378
19155
738
19159
440
19159
575
19158
TIME 150
846
19159
735
19158
1020
19159
611
19159
1283
19159
TIME 200
708
19159
1520
19155
970
19159
956
19158
823
19155
TIME 250
860
19158
966
19154
1172
19155
1118
19154
798
19159
TIME 300
970
19159
874
19158
816
19159
796
19158
643
19155
TIME 350
480
19159
716
19159
1172
19158
1336
19159
1172
19155
TIME 400
1015
19159
989
19155
1053
19159
874
19159
1050
19158
TIME 450
1361
19158
1122
19159
877
19155
1386
19158
1345
19158
TIME 500
1209
19158
680
19158
971
19159
765
19158
830
19159
TIME 550
1409
19155
924
19159
874
19158
1361
19159
624
19158
TIME 600
1221
19158
1028
19158
855
19158
1306
19155
1192
19159
