TIME 50
5419
42688
4306
42688
5487
42688
1173
42688
4779
42688
TIME 100
5176
42688
7513
42688
6303
42688
6725
42688
4738
42688
TIME 150
9387
42688
7022
42688
4941
42688
8743
42688
5696
42688
TIME 200
6469
42688
8528
42688
9386
42688
8820
42688
6691
42688
TIME 250
9041
42688
8002
42688
7394
42688
7755
42688
8668
42688
TIME 300
5746
42688
8164
42688
14387
42688
10794
42688
12058
42688
TIME 350
13711
42688
11511
42688
10080
42688
5126
42688
11309
42688
TIME 400
11880
42688
14807
42688
13942
42688
14599
42688
16355
42688
TIME 450
8733
42688
10359
42688
6336
42688
8259
42688
9383
42688
TIME 500
8488
42688
8414
42688
8578
42688
1823
42688
5850
42688
TIME 550
6561
42688
7718
42688
5477
42688
6288
42688
4336
42688
TIME 600
6687
42688
7143
42688
7428
42688
16137
42688
13988
42688
