TIME 50
2522
42688
3291
42688
2495
42688
1416
42688
3052
42688
TIME 100
2728
42688
2426
42688
3713
42688
2843
42688
2713
42688
TIME 150
4176
42688
3844
42688
4574
42688
2986
42688
4609
42688
TIME 200
3083
42688
6146
42688
4315
42688
4286
42688
4404
42688
TIME 250
3924
42688
4571
42688
4709
42688
4306
42688
3779
42688
TIME 300
3917
42688
4185
42688
4022
42688
4028
42688
3264
42688
TIME 350
2961
42688
3755
42688
5108
42688
5556
42688
4709
42688
TIME 400
4967
42688
4431
42688
4689
42688
3885
42688
5179
42688
TIME 450
5292
42688
4430
42688
4374
42688
5705
42688
5085
42688
TIME 500
5048
42688
3364
42688
4589
42688
3928
42688
3935
42688
TIME 550
6139
42688
4215
42688
3939
42688
5255
42688
3222
42688
TIME 600
5395
42688
4835
42688
4057
42688
5496
42688
4930
42688
