TIME 50
4274
42688
2582
42688
4030
42688
2780
42688
4993
42688
TIME 100
3767
42688
6829
42688
3456
42688
4948
42688
5026
42688
TIME 150
6157
42688
5124
42688
4383
42688
5910
42688
4873
42688
TIME 200
7634
42688
4088
42688
2975
42688
6012
42688
3431
42688
TIME 250
6756
42688
7719
42688
6503
42688
8009
42688
7609
42688
TIME 300
7062
42688
7814
42688
5709
42688
10946
42688
13407
42688
TIME 350
9410
42688
10560
42688
11620
42688
11869
42688
12191
42688
TIME 400
13284
42688
11989
42688
12407
42688
9036
42688
13130
42688
TIME 450
11668
42688
13421
42688
7356
42688
12126
42688
12586
42688
TIME 500
10104
42688
10738
42688
18594
42688
9158
42688
10427
42688
TIME 550
16654
42688
9839
42688
14831
42688
16212
42688
15711
42688
TIME 600
17249
42688
7282
42688
9507
42688
9081
42688
3867
42688
