TIME 50
962
19155
457
19159
830
19155
483
19159
1269
19159
TIME 100
776
19159
1689
19155
795
19158
1028
19159
1063
19158
TIME 150
1421
19158
1081
19154
895
19157
1318
19159
1095
19159
TIME 200
1865
19154
848
19157
671
19158
1447
19157
637
19158
TIME 250
1664
19159
2031
19155
1389
19155
1944
19154
1768
19159
TIME 300
1583
19155
2136
19157
1380
19158
2811
19159
3542
19153
TIME 350
2560
19154
3136
19154
3118
19154
3171
19157
3324
19154
TIME 400
3553
19154
3101
19154
3191
19153
2313
19154
3529
19153
TIME 450
3086
19153
3863
19153
1726
19154
3200
19153
3567
19153
TIME 500
2477
19154
2941
19154
5624
19154
2278
19154
2581
19153
TIME 550
4858
19154
2611
19154
4320
19153
4779
19153
4381
19153
TIME 600
5274
19153
1868
19154
2390
19154
2534
19159
799
19159
