TIME 50
6297
13630
5102
13630
5647
13630
4457
13630
7365
13630
5883
13630
6222
13630
5697
13630
5802
13630
6460
13630
TIME 100
7095
13630
6373
13630
6726
13630
6397
13630
6989
13630
5848
13630
6218
13630
6482
13630
5534
13630
5520
13630
TIME 150
6386
13630
5907
13630
7272
13630
7815
13630
7866
13630
7214
13630
7600
13630
7343
13630
5994
13630
6857
13630
TIME 200
6583
13630
4828
13630
6944
13630
6991
13630
5966
13630
6343
13630
4847
13630
5069
13630
4583
13630
4708
13630
TIME 250
5314
13630
5822
13630
7826
13630
6907
13630
6593
13630
6324
13630
7921
13630
4786
13630
4963
13630
4618
13630
TIME 300
5257
13630
5484
13630
6197
13630
5922
13630
7032
13630
6101
13630
7021
13630
6634
13630
5590
13630
4824
13630
TIME 350
6287
13630
5627
13630
5797
13630
5630
13630
5864
13630
6513
13630
6552
13630
5018
13630
7675
13630
5622
13630
TIME 400
7271
13630
6409
13630
6222
13630
7415
13630
8005
13630
7289
13630
6185
13630
6009
13630
6311
13630
5536
13630
TIME 450
5284
13630
5905
13630
6175
13630
6306
13630
5724
13630
6624
13630
5204
13630
5538
13630
5188
13630
6021
13630
TIME 500
5508
13630
5501
13630
4657
13630
5935
13630
6304
13630
7497
13630
6373
13630
6164
13630
5642
13630
8603
13630
TIME 550
9168
13630
9149
13630
8151
13630
8750
13630
8449
13630
9127
13630
8671
13630
6187
13630
6123
13630
6406
13630
TIME 600
5653
13630
6101
13630
6024
13630
5593
13630
6208
13630
6744
13630
9181
13630
9432
13630
8378
13630
9497
13630
