TIME 50
10266
13632
10233
13632
9986
13632
7340
13632
8483
13632
TIME 100
7065
13632
9354
13632
8898
13632
8981
13632
9600
13632
TIME 150
9520
13632
9687
13632
10008
13632
9992
13632
9425
13632
TIME 200
10251
13632
10264
13632
10308
13632
10132
13632
10294
13632
TIME 250
10565
13632
10383
13632
10543
13632
10367
13632
10446
13632
TIME 300
10459
13632
10473
13632
10451
13632
10465
13632
10542
13632
TIME 350
10514
13632
10400
13632
10609
13632
10527
13632
10503
13632
TIME 400
10359
13632
10474
13632
10576
13632
10665
13632
10580
13632
TIME 450
10629
13632
10693
13632
10665
13632
10652
13632
10741
13632
TIME 500
10711
13632
10713
13632
10651
13632
10724
13632
10859
13632
TIME 550
10838
13632
10735
13632
10743
13632
10796
13632
10766
13632
TIME 600
10646
13632
10766
13632
10606
13632
10512
13632
10452
13632
