TIME 50
3499
6226
3483
6226
3368
6226
2341
6226
2739
6226
TIME 100
2186
6226
3078
6226
2852
6226
2989
6226
3197
6226
TIME 150
3144
6226
3199
6226
3358
6226
3352
6226
3091
6226
TIME 200
3513
6226
3548
6226
3555
6226
3403
6226
3543
6226
TIME 250
3704
6226
3592
6226
3680
6226
3633
6226
3621
6226
TIME 300
3677
6226
3677
6226
3620
6226
3647
6226
3736
6226
TIME 350
3706
6226
3638
6226
3808
6226
3723
6226
3674
6226
TIME 400
3620
6226
3709
6226
3733
6226
3781
6226
3829
6226
TIME 450
3804
6226
3860
6226
3828
6226
3769
6226
3860
6226
TIME 500
3891
6226
3848
6226
3824
6226
3849
6226
3968
6226
TIME 550
3905
6226
3862
6226
3848
6226
3950
6226
3890
6226
TIME 600
3843
6226
3850
6226
3757
6226
3698
6226
3655
6226
