TIME 50
1283
6226
1313
6226
1246
6226
1582
6226
1400
6226
TIME 100
2037
6226
1964
6226
1892
6226
1785
6226
2006
6226
TIME 150
2109
6226
2057
6226
2203
6226
1866
6226
1815
6226
TIME 200
2535
6226
1955
6226
1919
6226
2381
6226
2425
6226
TIME 250
2291
6226
2309
6226
2442
6226
2584
6226
2410
6226
TIME 300
2710
6226
2203
6226
2102
6226
2506
6226
2499
6226
TIME 350
2591
6226
2293
6226
2244
6226
2494
6226
2699
6226
TIME 400
2462
6226
2587
6226
2648
6226
2218
6226
2762
6226
TIME 450
2439
6226
2062
6226
2594
6226
2297
6226
2713
6226
TIME 500
3013
6226
2397
6226
2852
6226
2692
6226
2654
6226
TIME 550
2772
6226
2771
6226
2534
6226
3043
6226
2723
6226
TIME 600
2901
6226
2831
6226
2910
6226
2421
6226
2887
6226
