TIME 50
2841
6226
2564
6226
1490
6226
1914
6226
2418
6226
TIME 100
2715
6226
3121
6226
3158
6226
2959
6226
2883
6226
TIME 150
3361
6226
3294
6226
3344
6226
3239
6226
3309
6226
TIME 200
3508
6226
3539
6226
3323
6226
3539
6226
3560
6226
TIME 250
3392
6226
3551
6226
3581
6226
3543
6226
3559
6226
TIME 300
3626
6226
3583
6226
3605
6226
3671
6226
3772
6226
TIME 350
3765
6226
3663
6226
3729
6226
3635
6226
3583
6226
TIME 400
3786
6226
3676
6226
3779
6226
3824
6226
3779
6226
TIME 450
3909
6226
3858
6226
3701
6226
3787
6226
3808
6226
TIME 500
3869
6226
3895
6226
3842
6226
3914
6226
3864
6226
TIME 550
3843
6226
3844
6226
3746
6226
3780
6226
3786
6226
TIME 600
3889
6226
3855
6226
3886
6226
3852
6226
3890
6226
