TIME 50
8793
13632
8115
13632
5027
13632
6233
13632
7681
13632
TIME 100
8216
13632
9565
13632
9590
13632
8997
13632
8936
13632
TIME 150
10073
13632
9905
13632
9947
13632
9778
13632
9972
13632
TIME 200
10222
13632
10347
13632
9947
13632
10362
13632
10351
13632
TIME 250
10074
13632
10421
13632
10335
13632
10290
13632
10349
13632
TIME 300
10479
13632
10425
13632
10362
13632
10562
13632
10637
13632
TIME 350
10611
13632
10492
13632
10579
13632
10434
13632
10381
13632
TIME 400
10642
13632
10484
13632
10667
13632
10710
13632
10646
13632
TIME 450
10800
13632
10748
13632
10483
13632
10621
13632
10607
13632
TIME 500
10770
13632
10755
13632
10745
13632
10837
13632
10777
13632
TIME 550
10745
13632
10707
13632
10592
13632
10654
13632
10660
13632
TIME 600
10798
13632
10750
13632
10777
13632
10685
13632
10793
13632
