TIME 50
4679
52104
3257
52104
3639
52104
2746
52104
1580
52104
TIME 100
3987
52104
3496
52104
5175
52104
4362
52104
4118
52104
TIME 150
5049
52104
3975
52104
5428
52104
5907
52104
4121
52104
TIME 200
5919
52104
5080
52104
3618
52104
3849
52104
3358
52104
TIME 250
3365
52104
4640
52104
5023
52104
5120
52104
4885
52104
TIME 300
4327
52104
7418
52104
4441
52104
5345
52104
5796
52104
TIME 350
5008
52104
4487
52104
5730
52104
3392
52104
5091
52104
TIME 400
6302
52104
7647
52104
6528
52104
5682
52104
6470
52104
TIME 450
7126
52104
7669
52104
8159
52104
4496
52104
5360
52104
TIME 500
5734
52104
4556
52104
5798
52104
5579
52104
5912
52104
TIME 550
5268
52104
4528
52104
5546
52104
6014
52104
5361
52104
TIME 600
4598
52104
4854
52104
5087
52104
4961
52104
5092
52104
