TIME 50
2114
23374
2394
23374
2232
23374
2271
23374
2629
23374
2560
23374
2764
23374
2435
23374
2701
23374
2635
23374
TIME 100
2914
23374
3471
23374
3471
23374
3704
23374
3530
23374
3196
23374
3498
23374
3741
23374
4061
23374
4142
23374
TIME 150
4172
23374
3833
23374
3836
23374
3796
23374
4222
23374
4222
23374
3762
23374
4457
23374
4457
23374
4573
23374
TIME 200
4573
23374
4467
23374
4626
23374
4626
23374
4681
23374
4643
23374
4367
23374
4367
23374
4480
23374
4463
23374
TIME 250
4567
23374
4785
23374
4448
23374
4340
23374
4340
23374
4943
23374
4417
23374
4803
23374
4803
23374
4803
23374
