TIME 50
15901
52104
15843
52104
15283
52104
16707
52104
15275
52104
13564
52104
16143
52104
16165
52104
16193
52104
16184
52104
TIME 100
15722
52104
20593
52104
19767
52104
13666
52104
13862
52104
19999
52104
19310
52104
19323
52104
20871
52104
16236
52104
TIME 150
22032
52104
21627
52104
22157
52104
22632
52104
12524
52104
20810
52104
21560
52104
21544
52104
21862
52104
13954
52104
TIME 200
21866
52104
20051
52104
23540
52104
22048
52104
23189
52104
23800
52104
23205
52104
22460
52104
23098
52104
12315
52104
TIME 250
24885
52104
12252
52104
8595
52104
21893
52104
21306
52104
16617
52104
24414
52104
22085
52104
10613
52104
23724
52104
