TIME 50
4192
23374
4082
23374
3721
23374
4252
23374
3844
23374
3398
23374
4148
23374
4179
23374
4264
23374
4157
23374
TIME 100
4150
23374
5505
23374
5347
23374
3419
23374
3432
23374
5237
23374
5047
23374
5082
23374
5646
23374
4178
23374
TIME 150
6080
23374
5873
23374
6135
23374
6179
23374
3073
23374
5575
23374
5891
23374
5888
23374
5986
23374
3376
23374
TIME 200
6021
23374
5422
23374
6666
23374
5985
23374
6401
23374
6787
23374
6519
23374
6054
23374
6383
23374
3074
23374
TIME 250
7272
23374
2872
23374
1887
23374
5915
23374
5775
23374
4241
23374
6978
23374
6058
23374
2545
23374
6782
23374
