TIME 50
4006
52104
4475
52104
4264
52104
4513
52104
4907
52104
TIME 100
5081
52104
6619
52104
5558
52104
5525
52104
5057
52104
TIME 150
5831
52104
7293
52104
6644
52104
5419
52104
6219
52104
TIME 200
8198
52104
7366
52104
6934
52104
6292
52104
8991
52104
TIME 250
9800
52104
9894
52104
9209
52104
10109
52104
9694
52104
TIME 300
10543
52104
10309
52104
11230
52104
21221
52104
19344
52104
TIME 350
12838
52104
14549
52104
18224
52104
15592
52104
13388
52104
TIME 400
14748
52104
12641
52104
11248
52104
13419
52104
12495
52104
TIME 450
11128
52104
11470
52104
11389
52104
10947
52104
11069
52104
TIME 500
13137
52104
12673
52104
11199
52104
11234
52104
10537
52104
TIME 550
12893
52104
15006
52104
13557
52104
14833
52104
12230
52104
TIME 600
11648
52104
12995
52104
14787
52104
23963
52104
23688
52104
