TIME 50
686
23374
838
23374
715
23374
929
23374
885
23374
TIME 100
969
23374
1471
23374
985
23374
1024
23374
1048
23374
TIME 150
1185
23374
1489
23374
1429
23374
1087
23374
1353
23374
TIME 200
1747
23374
1693
23374
1369
23374
1230
23374
2148
23374
TIME 250
2171
23374
2365
23374
1933
23374
2392
23374
2308
23374
TIME 300
2446
23374
2504
23374
2732
23374
5558
23374
5043
23374
TIME 350
3099
23374
3578
23374
4881
23374
3808
23374
3260
23374
TIME 400
3567
23374
3118
23374
2672
23374
3259
23374
2854
23374
TIME 450
2510
23374
2847
23374
2795
23374
2456
23374
2647
23374
TIME 500
3072
23374
3161
23374
2643
23374
2553
23374
2469
23374
TIME 550
3185
23374
3590
23374
3170
23374
3690
23374
2870
23374
TIME 600
2869
23374
3116
23374
3705
23374
6640
23374
6603
23374
