TIME 50
2993
8104
2757
8104
2439
8104
2481
8104
2117
8104
3026
8104
2381
8104
2235
8104
2746
8104
1843
8104
TIME 100
3217
8104
3307
8104
2816
8104
3019
8104
2785
8104
2855
8104
2990
8104
3146
8104
3159
8104
2934
8104
TIME 150
2748
8104
2647
8104
3154
8104
3096
8104
3516
8104
2768
8104
2962
8104
3294
8104
3203
8104
3061
8104
TIME 200
2863
8104
3520
8104
3440
8104
3144
8104
3459
8104
3158
8104
3156
8104
3016
8104
3318
8104
3265
8104
TIME 250
3590
8104
3375
8104
3710
8104
2818
8104
3599
8104
3603
8104
2638
8104
3603
8104
3292
8104
3430
8104
TIME 300
3261
8104
3470
8104
3471
8104
3160
8104
