TIME 50
6258
11849
5915
11849
5268
11849
5381
11849
4636
11849
6253
11849
5134
11849
4861
11849
5689
11849
4053
11849
TIME 100
6601
11849
6640
11849
5905
11849
6281
11849
5886
11849
6093
11849
6275
11849
6550
11849
6480
11849
6171
11849
TIME 150
5827
11849
5621
11849
6645
11849
6388
11849
7160
11849
5789
11849
6122
11849
6715
11849
6672
11849
6329
11849
TIME 200
6091
11849
7059
11849
6927
11849
6484
11849
7003
11849
6457
11849
6512
11849
6340
11849
6667
11849
6664
11849
TIME 250
7214
11849
6858
11849
7433
11849
5957
11849
7210
11849
7221
11849
5569
11849
7193
11849
6627
11849
6924
11849
TIME 300
6704
11849
6876
11849
6949
11849
