TIME 50
1738
19150
2008
19150
1460
19146
2318
19146
1984
19150
1684
19146
1778
19146
1676
19151
1245
19150
1585
19146
TIME 100
2255
19150
1718
19151
2245
19147
2245
19146
2253
19145
3061
19145
2304
19145
1536
19147
2798
19146
2553
19145
TIME 150
3357
19149
2171
19147
2057
19145
2821
19146
1389
19150
2232
19145
2075
19150
3260
19145
2338
19145
2984
19145
TIME 200
1012
19150
3765
19147
3445
19146
3175
19146
2089
19150
3113
19146
2291
19150
2736
19146
2861
19147
3238
19146
TIME 250
3497
19145
3594
19146
3249
19145
3477
19146
2489
19150
2774
19146
3695
19146
2026
19146
3551
19145
2897
19146
TIME 300
3555
19146
3203
19145
2576
19146
3898
19146
3363
19145
2934
19147
2846
19145
2518
19150
2691
19145
4163
19145
TIME 350
2789
19146
1759
19146
3971
19145
2845
19146
2073
19146
2746
19149
3909
19147
3667
19145
947
19151
3370
19146
TIME 400
4958
19145
4514
19145
3763
19145
4323
19145
2739
19150
4567
19145
2394
19146
3536
19146
3176
19145
2838
19145
TIME 450
4021
19145
1977
19146
4499
19146
2231
19145
830
19146
2549
19151
2177
19147
4053
19145
2800
19146
3109
19145
TIME 500
4788
19145
2500
19146
3347
19146
4029
19145
4400
19145
3631
19146
3599
19146
4322
19146
3735
19146
3288
19145
TIME 550
4103
19147
4776
19145
3658
19146
4756
19146
1936
19149
5004
19145
3583
19147
3451
19145
4481
19145
4928
19146
TIME 600
3365
19146
3696
19150
2728
19146
3705
19150
2376
19146
4686
19145
3017
19146
3088
19146
3213
19150
2540
19150
