TIME 50
808
19159
244
19158
530
19155
1710
19155
339
19159
TIME 100
919
19154
970
19159
1312
19159
839
19158
765
19159
TIME 150
542
19159
1383
19159
1413
19155
1663
19155
1508
19158
TIME 200
1628
19159
1905
19154
712
19159
2006
19154
1443
19158
TIME 250
1632
19153
1538
19159
324
19159
682
19158
1681
19155
TIME 300
1026
19154
2171
19157
1597
19158
1232
19154
754
19158
TIME 350
1180
19154
1340
19153
1461
19158
2254
19158
958
19157
TIME 400
1912
19159
1972
19157
1603
19153
1094
19154
1905
19157
TIME 450
1953
19154
2029
19154
2175
19157
2259
19153
1864
19158
TIME 500
2421
19155
1648
19155
1545
19158
1628
19154
2200
19153
TIME 550
2076
19159
2051
19154
1054
19157
1870
19154
1353
19158
TIME 600
2681
19153
2314
19158
2255
19153
1590
19158
3182
19153
