TIME 50
2659
42688
2259
42688
2993
42688
2788
42688
2002
42688
TIME 100
3663
42688
3005
42688
4233
42688
3045
42688
3552
42688
TIME 150
4955
42688
5234
42688
3449
42688
4759
42688
2957
42688
TIME 200
4622
42688
5211
42688
2090
42688
4268
42688
3693
42688
TIME 250
4024
42688
4100
42688
3856
42688
6153
42688
5980
42688
TIME 300
4273
42688
5310
42688
4742
42688
3012
42688
2475
42688
TIME 350
3396
42688
3471
42688
4425
42688
3276
42688
3744
42688
TIME 400
5488
42688
5635
42688
6105
42688
1777
42688
4834
42688
TIME 450
2512
42688
3956
42688
3896
42688
3063
42688
5086
42688
TIME 500
5484
42688
4051
42688
4387
42688
3650
42688
3724
42688
TIME 550
6290
42688
6353
42688
4918
42688
3386
42688
3307
42688
TIME 600
4736
42688
4325
42688
5378
42688
6381
42688
5157
42688
