TIME 50
4372
42688
1602
42688
2756
42688
7025
42688
1869
42688
TIME 100
4214
42688
4563
42688
5568
42688
4002
42688
3501
42688
TIME 150
3239
42688
5245
42688
5826
42688
6981
42688
6525
42688
TIME 200
6348
42688
7211
42688
3514
42688
7330
42688
5705
42688
TIME 250
7222
42688
5640
42688
2021
42688
3402
42688
6672
42688
TIME 300
4953
42688
8869
42688
6755
42688
5454
42688
3821
42688
TIME 350
5733
42688
6387
42688
6710
42688
8422
42688
4361
42688
TIME 400
7343
42688
8388
42688
6464
42688
5266
42688
7230
42688
TIME 450
8068
42688
8556
42688
8266
42688
8524
42688
6798
42688
TIME 500
9781
42688
7185
42688
6097
42688
7202
42688
8627
42688
TIME 550
7932
42688
8645
42688
4980
42688
7861
42688
5891
42688
TIME 600
10197
42688
9131
42688
9598
42688
6694
42688
11692
42688
