TIME 50
2639
19154
1397
19155
1775
19158
873
19159
1264
19155
2210
19158
1965
19158
2036
19159
895
19159
3262
19158
TIME 100
3568
19153
1061
19155
1690
19154
3399
19154
2417
19153
2878
19158
3158
19153
3458
19155
2338
19154
3411
19157
TIME 150
1430
19158
1820
19159
3008
19155
1947
19154
1044
19154
2067
19158
3109
19157
726
19159
2027
19158
2411
19153
TIME 200
3849
19154
2186
19157
1706
19154
2315
19155
1864
19158
1938
19155
1828
19155
1081
19154
2263
19154
2408
19157
TIME 250
3106
19158
1462
19154
1759
19158
1256
19157
1176
19154
1047
19155
2222
19158
914
19158
1369
19158
1608
19158
TIME 300
2913
19153
2122
19153
2279
19153
2947
19154
2042
19154
3822
19154
1284
19155
1250
19157
1228
19155
3693
19154
TIME 350
2573
19153
2334
19155
2667
19154
3504
19154
2855
19159
2211
19154
2294
19153
2088
19158
1910
19155
2064
19159
TIME 400
1410
19158
1718
19155
2146
19157
1983
19157
4029
19153
4071
19154
4075
19154
2402
19153
1618
19158
3047
19153
TIME 450
3564
19157
4067
19153
2113
19153
2728
19154
4102
19153
4010
19154
