TIME 50
2221
42688
3282
42688
2099
42688
2304
42688
3872
42688
TIME 100
2738
42688
4522
42688
3136
42688
3420
42688
3748
42688
TIME 150
4209
42688
3584
42688
4945
42688
3778
42688
4181
42688
TIME 200
3977
42688
6009
42688
4973
42688
6453
42688
4358
42688
TIME 250
5061
42688
5837
42688
2810
42688
5659
42688
3945
42688
TIME 300
4200
42688
5568
42688
5151
42688
5582
42688
6816
42688
TIME 350
3912
42688
5028
42688
5556
42688
6165
42688
7252
42688
TIME 400
7230
42688
6491
42688
5330
42688
6605
42688
4583
42688
TIME 450
6416
42688
6732
42688
7173
42688
6210
42688
5227
42688
TIME 500
6138
42688
6143
42688
5547
42688
6340
42688
4760
42688
TIME 550
6855
42688
6010
42688
7161
42688
6940
42688
7592
42688
TIME 600
5311
42688
7138
42688
4096
42688
5005
42688
3602
42688
