TIME 50
10300
13632
10143
13632
9859
13632
10185
13632
9986
13632
10094
13632
10231
13632
10081
13632
10114
13632
10140
13632
TIME 100
10608
13632
10623
13632
10424
13632
10512
13632
10457
13632
10536
13632
10443
13632
10479
13632
10492
13632
10528
13632
TIME 150
10745
13632
10723
13632
10777
13632
10700
13632
10707
13632
10630
13632
10761
13632
10657
13632
10616
13632
10759
13632
TIME 200
10818
13632
10832
13632
10882
13632
10857
13632
10772
13632
10893
13632
10887
13632
10871
13632
10850
13632
10825
13632
TIME 250
10846
13632
10888
13632
11029
13632
10825
13632
10844
13632
10876
13632
10920
13632
10964
13632
10937
13632
10842
13632
TIME 300
10856
13632
10942
13632
10837
13632
10866
13632
10897
13632
10969
13632
10949
13632
11013
13632
11000
13632
10960
13632
TIME 350
11070
13632
11008
13632
11026
13632
11027
13632
11003
13632
10992
13632
10977
13632
11054
13632
11058
13632
11044
13632
TIME 400
11071
13632
11054
13632
11077
13632
10967
13632
11068
13632
11051
13632
11017
13632
11024
13632
10948
13632
11065
13632
TIME 450
11086
13632
11121
13632
11076
13632
11131
13632
11045
13632
11082
13632
11074
13632
11095
13632
11115
13632
11139
13632
TIME 500
11039
13632
11046
13632
11099
13632
11067
13632
11085
13632
11126
13632
11119
13632
11082
13632
11138
13632
11076
13632
TIME 550
11134
13632
11121
13632
11127
13632
11069
13632
11093
13632
11088
13632
11132
13632
11081
13632
11036
13632
11144
13632
TIME 600
11114
13632
11142
13632
11207
13632
11156
13632
11181
13632
11199
13632
11151
13632
11152
13632
11124
13632
11113
13632
