TIME 50
3505
6226
3424
6226
3294
6226
3407
6226
3349
6226
3406
6226
3482
6226
3407
6226
3433
6226
3417
6226
TIME 100
3744
6226
3730
6226
3679
6226
3683
6226
3631
6226
3743
6226
3613
6226
3667
6226
3614
6226
3682
6226
TIME 150
3866
6226
3867
6226
3888
6226
3838
6226
3840
6226
3786
6226
3883
6226
3811
6226
3768
6226
3880
6226
TIME 200
3923
6226
3959
6226
3992
6226
3970
6226
3938
6226
3987
6226
3995
6226
3955
6226
3961
6226
3923
6226
TIME 250
3984
6226
4011
6226
4084
6226
3960
6226
3959
6226
3994
6226
4001
6226
4070
6226
4023
6226
3970
6226
TIME 300
4021
6226
4053
6226
3982
6226
4018
6226
4006
6226
4083
6226
4080
6226
4103
6226
4050
6226
4044
6226
TIME 350
4140
6226
4129
6226
4120
6226
4142
6226
4102
6226
4117
6226
4073
6226
4130
6226
4119
6226
4135
6226
TIME 400
4144
6226
4157
6226
4134
6226
4096
6226
4156
6226
4127
6226
4103
6226
4109
6226
4073
6226
4134
6226
TIME 450
4145
6226
4196
6226
4138
6226
4192
6226
4154
6226
4177
6226
4170
6226
4189
6226
4160
6226
4207
6226
TIME 500
4158
6226
4125
6226
4183
6226
4129
6226
4200
6226
4209
6226
4199
6226
4173
6226
4212
6226
4158
6226
TIME 550
4211
6226
4248
6226
4193
6226
4166
6226
4169
6226
4189
6226
4214
6226
4194
6226
4140
6226
4222
6226
TIME 600
4210
6226
4254
6226
4259
6226
4258
6226
4264
6226
4253
6226
4206
6226
4244
6226
4217
6226
4217
6226
