TIME 50
1897
6226
1276
6226
1776
6226
1915
6226
1910
6226
TIME 100
2439
6226
2378
6226
2188
6226
2540
6226
2462
6226
TIME 150
2497
6226
2757
6226
2786
6226
2689
6226
2916
6226
TIME 200
3083
6226
3001
6226
2878
6226
2924
6226
2918
6226
TIME 250
3078
6226
3267
6226
3005
6226
3050
6226
3415
6226
TIME 300
3092
6226
3297
6226
3191
6226
3115
6226
3175
6226
TIME 350
3242
6226
3342
6226
3352
6226
3308
6226
3184
6226
TIME 400
3262
6226
3354
6226
3411
6226
3376
6226
3287
6226
TIME 450
3344
6226
3348
6226
3437
6226
3476
6226
3492
6226
TIME 500
3423
6226
3376
6226
3355
6226
3436
6226
3327
6226
TIME 550
3489
6226
3413
6226
3448
6226
3444
6226
3399
6226
TIME 600
3517
6226
3310
6226
3536
6226
3580
6226
3467
6226
