TIME 50
2346
6226
2710
6226
2333
6226
2368
6226
2204
6226
2391
6226
2347
6226
2626
6226
2680
6226
2334
6226
TIME 100
2631
6226
2817
6226
2917
6226
3157
6226
2575
6226
2716
6226
2783
6226
2556
6226
2978
6226
3045
6226
TIME 150
2915
6226
2764
6226
2721
6226
2992
6226
2988
6226
2986
6226
3100
6226
2990
6226
3221
6226
3117
6226
TIME 200
3200
6226
3130
6226
3089
6226
3155
6226
2969
6226
3159
6226
3169
6226
2952
6226
3026
6226
3057
6226
TIME 250
3224
6226
3259
6226
3213
6226
3281
6226
3100
6226
3177
6226
3369
6226
2902
6226
3228
6226
3043
6226
TIME 300
3331
6226
3212
6226
3421
6226
3285
6226
3315
6226
3347
6226
3390
6226
3136
6226
3414
6226
3148
6226
TIME 350
3329
6226
3319
6226
3093
6226
3480
6226
3371
6226
3286
6226
3314
6226
3311
6226
3323
6226
3483
6226
TIME 400
3260
6226
3379
6226
3269
6226
3477
6226
3108
6226
3218
6226
3451
6226
3536
6226
3196
6226
3364
6226
TIME 450
3313
6226
3422
6226
3380
6226
3409
6226
3376
6226
3433
6226
3392
6226
3507
6226
3195
6226
3386
6226
TIME 500
3404
6226
3385
6226
3446
6226
3477
6226
3341
6226
3501
6226
3528
6226
3460
6226
3468
6226
3514
6226
TIME 550
3359
6226
3511
6226
3546
6226
3568
6226
3606
6226
3448
6226
3461
6226
3407
6226
3509
6226
3517
6226
TIME 600
3673
6226
3572
6226
3572
6226
3625
6226
3349
6226
3661
6226
3542
6226
3604
6226
3308
6226
3294
6226
