TIME 50
6127
13632
4182
13632
5719
13632
6246
13632
6069
13632
TIME 100
7643
13632
7527
13632
6942
13632
7812
13632
7599
13632
TIME 150
7605
13632
8617
13632
8613
13632
8328
13632
8962
13632
TIME 200
9453
13632
9096
13632
8923
13632
8915
13632
9038
13632
TIME 250
9378
13632
9632
13632
9311
13632
9237
13632
10083
13632
TIME 300
9427
13632
9800
13632
9669
13632
9362
13632
9597
13632
TIME 350
9666
13632
9887
13632
10011
13632
9767
13632
9611
13632
TIME 400
9778
13632
9925
13632
10079
13632
10024
13632
9766
13632
TIME 450
10006
13632
10019
13632
10108
13632
10256
13632
10232
13632
TIME 500
10075
13632
10002
13632
9953
13632
10070
13632
9886
13632
TIME 550
10190
13632
9980
13632
10147
13632
10137
13632
10097
13632
TIME 600
10271
13632
9922
13632
10318
13632
10370
13632
10222
13632
