TIME 50
7632
13632
8343
13632
7426
13632
7453
13632
6906
13632
7464
13632
7281
13632
8253
13632
8281
13632
7316
13632
TIME 100
8185
13632
8770
13632
8794
13632
9526
13632
7972
13632
8547
13632
8467
13632
7821
13632
9152
13632
9195
13632
TIME 150
8956
13632
8608
13632
8439
13632
9111
13632
8953
13632
9180
13632
9443
13632
9018
13632
9642
13632
9553
13632
TIME 200
9638
13632
9626
13632
9315
13632
9662
13632
9155
13632
9661
13632
9583
13632
9169
13632
9384
13632
9191
13632
TIME 250
9616
13632
9696
13632
9764
13632
9640
13632
9386
13632
9548
13632
9882
13632
8924
13632
9760
13632
9218
13632
TIME 300
9972
13632
9679
13632
10040
13632
9738
13632
9837
13632
10042
13632
9877
13632
9494
13632
10000
13632
9523
13632
TIME 350
9896
13632
9826
13632
9323
13632
10136
13632
10039
13632
9756
13632
9797
13632
9711
13632
9926
13632
10191
13632
TIME 400
9701
13632
10054
13632
9753
13632
10156
13632
9492
13632
9659
13632
10139
13632
10282
13632
9625
13632
9996
13632
TIME 450
9940
13632
10079
13632
9967
13632
9962
13632
10001
13632
10145
13632
10109
13632
10161
13632
9588
13632
9991
13632
TIME 500
10017
13632
9967
13632
10228
13632
10201
13632
9877
13632
10156
13632
10220
13632
10181
13632
10129
13632
10215
13632
TIME 550
9914
13632
10245
13632
10207
13632
10333
13632
10460
13632
10153
13632
10154
13632
10148
13632
10181
13632
10183
13632
TIME 600
10497
13632
10344
13632
10311
13632
10434
13632
9903
13632
10468
13632
10223
13632
10355
13632
9914
13632
9986
13632
