Time, Randoop, Orienteering, ConstantMining, DigDog,
50, 11.6916167665, 21.5545831414, 16.5050667895, 16.1749577768,
100, 16.157300783, 27.3568248119, 23.877245509, 25.9081836327,
150, 18.2861200676, 29.7600951942, 24.7547213266, 29.9577767542,
200, 17.9759711347, 32.0443727929, 26.9445723937, 36.0498234301,
250, 20.356978351, 38.7467372946, 31.0179640719, 31.7987102718,
300, 20.9001228313, 39.2764471058, 31.3304160909, 14.2365269461,
350, 19.5052203286, 30.254491018, 27.2670044526, 17.4631506218,
400, 17.0532012897, 17.3138338707, 30.243359435, 18.8077690772,
450, 20.8248886842, 17.5525871334, 27.2339935514, 18.5801473975,
500, 16.7599416552, 33.1041762629, 15.8222017503, 20.1761860894,
550, 9.99577767542, 37.2804391218, 14.1781820973, 18.4504068786,
600, 9.94741286657, 34.3716413327, 32.5207277752, 19.563949025,
