Time, Randoop, Orienteering, ConstantMining, DigDog,
50, 5.74741165397, 11.4811328827, 8.31094378369, 7.75648156071,
100, 8.48806366048, 14.9088731069, 12.9023701549, 14.0994267134,
150, 9.68426456747, 16.269359117, 13.7854025841, 16.590228459,
200, 9.57987507487, 17.7427911354, 14.9833147942, 20.7914777103,
250, 11.1422948575, 22.6165825276, 17.8591597501, 18.1483699837,
300, 11.5358945837, 23.1573543253, 17.6914520407, 6.92050996834,
350, 10.4911440062, 17.2790279798, 15.2194746299, 8.58218533413,
400, 9.18969795499, 8.72850175409, 17.2815949345, 9.78266449902,
450, 11.0832548986, 8.77128433302, 15.3007615299, 9.41986822966,
500, 9.14263711817, 19.3206126465, 7.87370582699, 10.3602293146,
550, 4.65645589116, 21.4631641995, 7.1789167451, 8.99460939505,
600, 4.64533242064, 19.455805596, 18.8508599298, 10.06502952,
