Time, Randoop, Orienteering, ConstantMining, DigDog,
50, 11.5078973346, 21.2857847976, 10.7107601185, 12.3223099704,
100, 11.6633761106, 26.233958539, 13.6006910168, 24.1288252715,
150, 14.5014807502, 25.1505429418, 17.3864758144, 21.3153998026,
200, 14.1633761106, 22.7023692004, 16.6066140178, 24.0523198421,
250, 16.2709772952, 25.2344521224, 20.3874629812, 22.6135241856,
300, 17.0014807502, 29.0597235933, 29.8469891412, 31.6066140178,
350, 19.3385982231, 31.0365251728, 29.7729516288, 33.1663376111,
400, 17.1174728529, 32.0187561698, 28.8055281343, 31.6880552813,
450, 20.9032576505, 33.3119447187, 26.9916090819, 34.7606120434,
500, 20.3455083909, 31.5597235933, 39.2472852912, 39.7087857848,
550, 19.6865745311, 40.1604146101, 38.7857847976, 43.3341559724,
