Time, Randoop, Orienteering, ConstantMining, DigDog,
50, 19.4007933159, 32.2913326019, 18.4471263398, 20.3190142628,
100, 19.8379610094, 38.9264916871, 22.3242467719, 36.1937716263,
150, 23.5074689847, 37.7365178496, 27.4875516921, 32.6542324247,
200, 23.1817030973, 34.2391763018, 26.755000422, 36.1785804709,
250, 25.7793906659, 37.5170900498, 31.416997215, 34.3775846063,
300, 26.7465608912, 42.5335471348, 43.355557431, 45.5380200861,
350, 29.8388049624, 44.8561060005, 43.8973753059, 47.8386361718,
400, 27.2124229893, 46.1709848932, 42.5284834163, 45.5785298337,
450, 31.6921259178, 47.7458013334, 40.4287281627, 49.0859988185,
500, 31.4912650857, 43.9851464259, 55.1506456241, 55.7431006836,
550, 30.2692210313, 56.4790277661, 54.9902945396, 59.2708245422,
