Time, Randoop, Orienteering, ConstantMining, DigDog,
50, 5.98575712144, 9.91566716642, 14.6073838081, 8.74203523238,
100, 6.75740254873, 14.2686469265, 13.034107946, 11.2565592204,
150, 9.45886431784, 16.7677098951, 16.0794602699, 12.3908358321,
200, 10.4169790105, 18.6909670165, 14.9180097451, 11.309970015,
250, 9.97423163418, 19.1435532234, 19.226011994, 17.145802099,
300, 9.09670164918, 23.9641116942, 18.0987631184, 21.0541604198,
350, 10.3490442279, 24.2395989505, 17.2170164918, 26.0729010495,
400, 10.846607946, 33.5377623688, 21.6955584708, 28.0387931034,
450, 11.6594827586, 20.1789730135, 24.1936844078, 26.7789542729,
500, 9.77511244378, 15.5327023988, 31.1164730135, 27.6522676162,
550, 10.6681034483, 14.2335082459, 16.2743628186, 34.3173725637,
600, 11.5784295352, 24.0737443778, 17.5894865067, 22.0136806597,
