Time, Randoop, Orienteering, ConstantMining, DigDog,
50, 2.50336375741, 4.74116213883, 7.65678668457, 4.17701780927,
100, 2.7509440316, 8.1099504918, 7.08365261358, 5.58635595243,
150, 4.69235175654, 9.60943066578, 8.71381933962, 6.06550425136,
200, 5.19603233212, 10.6140196633, 8.19150250609, 5.70885194105,
250, 5.13057429076, 10.8562361998, 10.6840385436, 9.18338289018,
300, 4.27916012619, 14.2232468261, 9.93199068068, 11.9565062786,
350, 5.09035535859, 14.4492667316, 9.21927885468, 15.9846542958,
400, 5.19991787995, 20.8297818045, 12.3081076795, 16.3802347905,
450, 6.3587835793, 11.190700434, 13.9765633256, 16.1247949546,
500, 4.65070048771, 8.30819078075, 18.9813814639, 16.6034611642,
550, 5.42029586424, 7.4278246394, 8.73414982242, 21.8750170264,
600, 5.84835820618, 14.2495075613, 9.72332519752, 13.4326047148,
