Time, Randoop, Orienteering, ConstantMining, DigDog,
50, 33.3406690141, 52.5953638498, 41.5830399061, 67.9401408451,
100, 44.9061032864, 66.4671361502, 55.0513497653, 64.404342723,
150, 46.923415493, 72.8799882629, 61.8031103286, 71.3497652582,
200, 51.367370892, 75.1599178404, 66.6446596244, 75.1892605634,
250, 55.3799882629, 75.5120305164, 69.8958333333, 76.7370892019,
300, 55.4107981221, 76.9732981221, 70.2098004695, 76.8632629108,
350, 56.5845070423, 77.0202464789, 71.8045774648, 77.1024061033,
400, 57.8169014085, 77.9768192488, 72.7288732394, 77.2505868545,
450, 55.0352112676, 78.1382042254, 74.267899061, 78.3157276995,
500, 61.5845070423, 79.0551643192, 73.3362676056, 78.7235915493,
550, 62.5982981221, 78.2834507042, 74.1651995305, 79.0463615023,
600, 63.0971244131, 78.9363262911, 74.9750586854, 77.7318075117,
