Time, Randoop, Orienteering, ConstantMining,
50, 55.3697183099, 74.394806338, 71.0387323944,
100, 64.4219483568, 77.1713615023, 75.1870598592,
150, 67.0884683099, 78.7411971831, 76.1993838028,
200, 70.4555457746, 79.6948356808, 77.3510856808,
250, 70.9213615023, 79.9882629108, 78.5724765258,
300, 72.802963615, 80.3587147887, 78.8585680751,
350, 72.7039319249, 80.9529049296, 78.8328931925,
400, 73.5401995305, 81.1289612676, 79.4490903756,
450, 73.6502347418, 81.4627347418, 79.4747652582,
500, 74.7579225352, 81.367370892, 80.0066021127,
550, 74.7872652582, 81.6021126761, 80.4907570423,
600, 75.9206279343, 81.8221830986, 80.4760856808,
