Time, Randoop, Orienteering, ConstantMining, DigDog,
50, 21.92097655, 36.0648891744, 28.1850305172, 49.5663347253,
100, 31.1082557019, 47.6582075169, 38.5705107613, 45.9428204305,
150, 32.2839704465, 53.1545133312, 43.8323160938, 51.859942178,
200, 36.02634115, 56.1162865403, 47.5554127851, 56.4150337295,
250, 38.663668487, 56.6206231931, 50.803083842, 58.5608737552,
300, 38.6122711211, 58.6476068102, 50.9797622872, 58.9688403469,
350, 39.5791840668, 59.0266623836, 52.7722454224, 59.5856087376,
400, 40.7227754578, 60.5332476711, 53.6138772888, 59.9807259878,
450, 38.8853196274, 61.2367491166, 54.9212977835, 61.4230645679,
500, 43.7134596852, 62.2679087697, 54.3430774173, 62.2550594282,
550, 44.4683584966, 61.0311596531, 55.2296819788, 62.4959845808,
600, 44.812078381, 62.2293607453, 55.9267587536, 60.401541921,
