Time, Randoop, Orienteering, ConstantMining,
50, 38.2187600385, 54.938965628, 51.6061676839,
100, 46.0488274976, 59.1471249598, 56.3202698362,
150, 48.0404754256, 62.1024734982, 57.4204946996,
200, 50.4738194668, 63.6925795053, 59.6771602955,
250, 51.8149694828, 64.3430774173, 61.9498875683,
300, 53.6299389656, 65.0738837135, 61.9017025377,
350, 53.4211371667, 66.3266945069, 62.6967555413,
400, 54.1519434629, 66.3989720527, 63.226790877,
450, 54.6177320912, 67.1859942178, 63.5078702217,
500, 55.7741728236, 67.3144876325, 64.1985223257,
550, 56.4407324125, 67.4991969162, 65.122068744,
600, 57.6292964986, 68.318342435, 64.9534211372,
